1 -0.000189961 -0.000101129 0.000189966 1 4.88908e-05 0.00010112 -4.891e-05 1 0.0803724 0.00314027 -0.00249429
1 -0.00028675 -0.000159514 0.000286716 1 -0.000214913 0.000159575 0.000214867 1 0.0861899 0.00386934 -0.00309708
1 -0.000329946 -0.000287786 0.000329861 1 -0.000293863 0.000287883 0.000293769 1 0.0919024 0.00128661 -0.000118111
1 -0.000125618 -0.000283827 0.000125641 1 8.1031e-05 0.000283817 -8.10667e-05 1 0.0980181 0.001868 -0.00236491
1 5.52203e-06 -0.000587653 -5.73415e-06 1 -0.000360967 0.000587651 0.00036097 1 0.104422 0.00089881 -0.00116814
1 -0.000517987 -0.000179064 0.000518015 1 0.000158698 0.000178981 -0.000158791 1 0.113215 -0.00462474 0.00222239
1 -0.000524787 -0.000592505 0.000525047 1 0.000438222 0.000592275 -0.000438533 1 0.110652 -0.000466692 -0.00370569
1 -8.9872e-06 -0.000286287 8.86125e-06 1 -0.000439958 0.000286291 0.000439956 1 0.11621 0.0016342 -0.00316278
1 -0.000397104 0.000137187 0.000397173 1 -0.000502076 -0.000136988 0.00050213 1 0.123003 0.00514499 -0.000749511
1 -0.000332145 -0.0004086 0.000331812 1 -0.000816121 0.000408871 0.000815985 1 0.123392 0.008716 -0.00668903
